18
NULL 0 NULL 0
2 8 0,255,0,255,0,32767,0,32767,0,32767 NULL 1 0 0 	# 2 [32 ]0
D 5 0,255,0,255,0,32767,0,32767,0,32767 NULL -1 0 0 	# D [44 ]A
F 5 0,255,0,255,0,32767,0,32767,0,32767 NULL -1 0 0 	# F [46 ]A
T 5 0,255,0,255,0,32767,0,32767,0,32767 NULL -1 0 0 	# T [54 ]A
4 8 0,255,0,255,0,32767,0,32767,0,32767 NULL 5 0 0 	# 4 [34 ]0
R 5 0,255,0,255,0,32767,0,32767,0,32767 NULL -1 0 0 	# R [52 ]A
B 5 0,255,0,255,0,32767,0,32767,0,32767 NULL -1 0 0 	# B [42 ]A
6 8 0,255,0,255,0,32767,0,32767,0,32767 NULL 8 0 0 	# 6 [36 ]0
N 5 0,255,0,255,0,32767,0,32767,0,32767 NULL -1 0 0 	# N [4e ]A
J 5 0,255,0,255,0,32767,0,32767,0,32767 NULL -1 0 0 	# J [4a ]A
8 8 0,255,0,255,0,32767,0,32767,0,32767 NULL 11 0 0 	# 8 [38 ]0
X 5 0,255,0,255,0,32767,0,32767,0,32767 NULL -1 0 0 	# X [58 ]A
V 5 0,255,0,255,0,32767,0,32767,0,32767 NULL -1 0 0 	# V [56 ]A
L 5 0,255,0,255,0,32767,0,32767,0,32767 NULL -1 0 0 	# L [4c ]A
H 5 0,255,0,255,0,32767,0,32767,0,32767 NULL -1 0 0 	# H [48 ]A
Z 5 0,255,0,255,0,32767,0,32767,0,32767 NULL -1 0 0 	# Z [5a ]A
P 5 0,255,0,255,0,32767,0,32767,0,32767 NULL -1 0 0 	# P [50 ]A
