4
linear   essential      -0.250000   0.750000
linear   non-essential   0.000000   1.000000
linear   essential       0.000000   1.000000
linear   essential       0.000000   1.000000

2 1
significant   elliptical     2
	  0.257813  0.284766  0.187500  0.117188
	  0.000400  0.000400  0.000400  0.000400

D 1
significant   elliptical     3
	  0.250000  0.301953  0.175781  0.151042
	  0.000400  0.000400  0.000400  0.000400

F 1
significant   elliptical     2
	  0.285156  0.245703  0.171875  0.117188
	  0.000400  0.000400  0.000400  0.000400

T 2
significant   elliptical     3
	  0.300781  0.251953  0.171875  0.128906
	  0.000400  0.000400  0.000400  0.000400
significant   elliptical     1
	  0.300781  0.251953  0.171875  0.128906
	  0.000400  0.000400  0.000400  0.000400

4 2
significant   elliptical     3
	  0.265625  0.236068  0.164063  0.093750
	  0.000400  0.000400  0.000400  0.000400
significant   elliptical     1
	  0.265625  0.236328  0.164063  0.093750
	  0.000400  0.000400  0.000400  0.000400

R 1
significant   elliptical     2
	  0.251953  0.281836  0.160156  0.125000
	  0.000400  0.000400  0.000400  0.000400

B 1
significant   elliptical     2
	  0.242188  0.303320  0.164063  0.117188
	  0.000400  0.000400  0.000400  0.000400

6 2
significant   elliptical     3
	  0.257813  0.303516  0.152344  0.121094
	  0.000400  0.000400  0.000400  0.000400
significant   elliptical     1
	  0.261719  0.304297  0.152344  0.121094
	  0.000400  0.000400  0.000400  0.000400

N 1
significant   elliptical     2
	  0.251953  0.321289  0.156250  0.128906
	  0.000400  0.000400  0.000400  0.000400

J 1
significant   elliptical     2
	  0.242188  0.215234  0.171875  0.117188
	  0.000400  0.000400  0.000400  0.000400

8 1
significant   elliptical     3
	  0.273438  0.288281  0.167969  0.105469
	  0.000400  0.000400  0.000400  0.000400

X 1
significant   elliptical     2
	  0.246094  0.332812  0.177734  0.136719
	  0.000400  0.000400  0.000400  0.000400

V 1
significant   elliptical     1
	  0.273438  0.217578  0.148438  0.136719
	  0.000400  0.000400  0.000400  0.000400

L 1
significant   elliptical     2
	  0.199219  0.229687  0.179688  0.132813
	  0.000400  0.000400  0.000400  0.000400

H 1
significant   elliptical     3
	  0.246094  0.283334  0.167969  0.148438
	  0.000400  0.000400  0.000400  0.000400

Z 1
significant   elliptical     1
	  0.250000  0.271094  0.175781  0.109375
	  0.000400  0.000400  0.000400  0.000400

P 1
significant   elliptical     1
	  0.273438  0.257813  0.164063  0.121094
	  0.000400  0.000400  0.000400  0.000400
